Vertex Count: 6

Data:
 -0.25 0.25 0.0  1.0 0.0 0.0
 0.25 -0.25 0.0  0.0 1.0 0.0
 -0.25 -0.25 0.0  0.0 0.0 1.0
-1.0  1.0 1.0  0.0  0.0 1.0
 1.0  1.0 1.0  0.0  0.0 1.0
-1.0 -1.0 1.0  0.0  0.0 1.0
-1.0 -1.0 -1.0  0.0  0.0 -1.0
 1.0  1.0 -1.0  0.0  0.0 -1.0
 1.0 -1.0 -1.0  0.0  0.0 -1.0
 1.0  1.0 -1.0  1.0  0.0  0.0
 1.0  1.0  1.0  1.0  0.0  0.0
 1.0 -1.0 -1.0  1.0  0.0  0.0
 1.0 -1.0 -1.0  1.0  0.0  0.0
 1.0  1.0  1.0  1.0  0.0  0.0
 1.0 -1.0  1.0  1.0  0.0  0.0
 1.0  1.0  1.0  0.0  0.0  1.0
-1.0  1.0  1.0  0.0  0.0  1.0
 1.0 -1.0  1.0  0.0  0.0  1.0
 1.0 -1.0  1.0  0.0  0.0  1.0
-1.0  1.0  1.0  0.0  0.0  1.0
-1.0 -1.0  1.0  0.0  0.0  1.0
-1.0  1.0  1.0 -1.0  0.0  0.0
-1.0  1.0 -1.0 -1.0  0.0  0.0
-1.0 -1.0  1.0 -1.0  0.0  0.0
-1.0 -1.0  1.0 -1.0  0.0  0.0
-1.0  1.0 -1.0 -1.0  0.0  0.0
-1.0 -1.0 -1.0 -1.0  0.0  0.0
-1.0  1.0  1.0  0.0  1.0  0.0
 1.0  1.0  1.0  0.0  1.0  0.0
-1.0  1.0 -1.0  0.0  1.0  0.0
-1.0  1.0 -1.0  0.0  1.0  0.0
 1.0  1.0  1.0  0.0  1.0  0.0
 1.0  1.0 -1.0  0.0  1.0  0.0
-1.0 -1.0 -1.0  0.0 -1.0  0.0
 1.0 -1.0 -1.0  0.0 -1.0  0.0
-1.0 -1.0  1.0  0.0 -1.0  0.0
-1.0 -1.0  1.0  0.0 -1.0  0.0
 1.0 -1.0 -1.0  0.0 -1.0  0.0
 1.0 -1.0  1.0  0.0 -1.0  0.0
